false||1||1||0||1||1||
true||72||36||2||2||0||
false||3||0||0||1||0||
true||72||36||0||0||0||
false||2||0||0||0||0||
true||0||0||0||0||0||
false||3||0||0||1||0||
true||0||0||16||0||5||
false||3||0||0||1||0||
true||0||0||5||0||0||
false||0||0||33||0||0||
true||56||26||0||3||0||
false||0||0||0||0||0||
true||3||0||0||1||0||
false||2||0||0||1||0||
true||3||0||0||0||0||
false||2||0||0||0||0||
true||3||0||0||1||0||
false||3||0||0||0||0||
true||3||0||0||1||0||
false||3||0||0||0||0||
true||2||0||0||1||0||
false||2||0||0||1||0||
true||55||1||15||4||0||
false||3||0||0||1||0||
true||45||0||7||0||0||
