false||0||0||0||0||3||
true||47||23||20||0||14||
false||37||17||0||0||0||
true||72||36||24||0||6||
false||2||0||0||0||3||
true||72||36||0||0||0||
false||43||19||0||0||1||
true||72||36||3||0||1||
false||28||12||0||0||0||
true||72||36||2||0||0||
false||50||23||0||0||0||
true||72||36||1||0||0||
false||3||0||0||0||1||
true||72||36||1||0||0||
false||28||12||0||0||0||
true||69||34||1||0||0||
false||2||0||0||0||0||
true||62||31||4||0||1||
false||3||0||0||0||1||
true||72||36||0||0||0||
false||6||1||0||0||0||
true||72||36||1||0||0||
false||42||20||0||0||0||
true||72||36||0||0||0||
false||62||29||0||0||0||
true||72||36||0||0||0||
false||34||16||0||0||0||
true||64||32||5||0||0||
false||72||36||0||0||0||
true||3||0||0||0||0||
false||74||36||0||0||0||
true||72||36||0||0||0||
false||72||36||3||0||0||
true||45||21||0||0||0||
false||29||13||0||0||0||
true||72||36||1||0||0||
false||26||11||0||0||0||
true||72||36||0||0||0||
false||27||12||0||0||0||
true||72||36||0||0||0||
false||24||10||0||0||0||
true||72||36||0||0||0||
false||24||10||0||0||0||
true||72||36||11||0||8||
false||47||22||0||0||0||
true||72||36||0||0||0||
false||43||20||0||0||0||
true||72||36||2||0||0||
false||32||14||0||0||0||
true||72||36||0||0||0||
false||42||19||0||0||0||
true||72||36||0||0||0||
false||52||24||0||0||0||
true||42||20||13||0||0||
false||51||24||0||0||0||
true||72||36||13||3||4||
false||37||17||0||0||0||
true||72||36||1||0||0||
false||26||11||0||0||0||
true||53||26||4||0||0||
false||0||0||41||0||0||
true||51||24||0||0||0||
false||17||8||7||0||0||
true||48||22||0||0||0||
false||43||21||28||0||0||
true||43||20||0||0||0||
false||0||0||0||0||0||
true||20||9||0||0||0||
false||40||19||0||0||0||
true||0||0||58||0||0||
false||0||0||0||0||0||
true||33||15||0||0||0||
false||37||17||0||0||0||
true||55||27||2||0||0||
false||0||0||0||0||0||
true||35||16||0||0||0||
false||0||0||0||0||0||
true||47||21||0||0||0||
false||0||0||39||0||0||
true||2||0||0||0||0||
false||0||0||0||0||0||
true||59||28||0||0||0||
false||18||0||31||0||0||
true||34||15||0||0||0||
false||0||0||0||0||0||
true||27||12||0||0||0||
false||46||21||0||0||0||
true||72||36||16||0||0||
false||31||14||0||0||0||
true||72||36||6||0||0||
false||65||31||0||0||0||
true||51||24||0||0||0||
false||62||29||0||0||0||
true||45||21||0||0||0||
false||39||18||0||0||0||
true||25||11||0||0||0||
false||0||0||0||0||0||
true||34||15||0||0||0||
false||69||33||0||0||0||
true||38||17||0||0||0||
false||11||4||0||0||0||
true||43||20||0||0||0||
false||31||14||0||0||0||
true||52||24||0||0||0||
false||21||9||0||0||0||
true||40||18||0||0||0||
false||40||18||0||0||0||
true||55||26||0||0||0||
false||16||6||0||0||0||
true||23||10||0||0||0||
false||13||5||0||0||0||
true||31||14||0||0||0||
false||2||0||0||0||0||
true||3||0||0||0||0||
false||3||0||0||0||0||
true||13||5||0||0||0||
false||45||21||0||0||0||
true||40||18||0||0||0||
false||36||16||0||0||0||
true||36||16||0||0||0||
false||72||36||26||5||0||
true||43||20||0||0||0||
false||49||23||0||0||0||
true||18||8||0||0||0||
false||43||20||0||0||0||
true||32||14||0||0||0||
false||35||16||0||0||0||
true||60||28||0||0||0||
false||39||18||0||0||0||
true||6||1||0||0||0||
false||34||15||0||0||0||
true||4||0||0||0||0||
false||30||13||0||0||0||
true||32||14||0||0||0||
false||57||27||0||0||0||
true||31||14||0||0||0||
false||53||24||0||0||0||
true||18||8||0||0||0||
false||39||17||0||0||0||
true||33||15||0||0||0||
false||33||15||0||0||0||
true||34||15||0||0||0||
false||50||23||0||0||0||
true||32||14||0||0||0||
false||40||19||0||0||0||
true||51||24||0||0||0||
false||15||6||0||0||0||
true||6||1||0||0||0||
false||49||22||0||0||0||
true||43||20||0||0||0||
false||61||28||0||0||0||
true||37||17||0||0||0||
false||30||13||0||0||0||
true||39||18||0||0||0||
false||37||16||0||0||0||
true||53||25||0||0||0||
false||23||10||0||0||0||
true||65||31||0||0||0||
false||47||21||0||0||0||
true||17||7||0||0||0||
false||14||5||0||0||0||
true||24||10||0||0||0||
false||3||0||0||0||0||
true||56||26||0||0||0||
false||4||0||0||0||0||
true||3||0||0||0||0||
false||42||20||0||0||0||
true||27||12||0||0||0||
false||48||22||0||0||0||
true||30||13||0||0||0||
false||53||25||0||0||0||
true||43||20||0||0||0||
false||65||31||0||0||0||
true||27||12||0||0||0||
false||66||32||0||0||0||
true||34||15||0||0||0||
false||54||26||0||0||0||
true||32||14||0||0||0||
false||35||16||0||0||0||
true||39||18||0||0||0||
false||40||19||0||0||0||
true||34||15||0||0||0||
false||40||18||0||0||0||
true||33||14||0||0||0||
false||9||3||0||0||0||
true||39||18||0||0||0||
false||21||9||0||0||0||
true||38||17||0||0||0||
false||40||18||0||0||0||
true||32||14||0||0||0||
false||36||17||0||0||0||
true||44||20||0||0||0||
false||31||14||0||0||0||
true||21||8||0||0||0||
false||22||9||0||0||0||
true||44||20||0||0||0||
false||21||9||0||0||0||
true||26||12||0||0||0||
false||3||0||0||0||0||
true||52||24||0||0||0||
false||39||18||0||0||0||
true||0||0||28||0||0||
false||40||18||0||0||0||
true||53||26||11||0||0||
false||17||8||17||0||0||
true||34||15||0||0||0||
