false||0||0||0||1||3||
true||72||36||0||0||0||
false||4||0||0||1||2||
true||28||13||36||1||16||
false||3||0||0||0||3||
true||72||36||0||0||0||
false||3||0||0||1||0||
true||50||26||28||1||0||
false||3||0||0||0||0||
true||46||23||5||0||0||
false||50||24||0||3||0||
true||72||36||0||0||0||
false||3||0||0||0||0||
true||55||22||27||1||0||
false||3||0||0||1||0||
true||72||36||1||1||0||
false||3||0||0||1||0||
true||57||28||13||8||0||
false||4||0||0||0||0||
true||0||0||0||0||0||
false||0||0||67||0||0||
true||2||0||0||1||0||
false||0||0||0||0||0||
true||3||0||0||1||0||
false||0||0||0||0||0||
true||2||0||0||1||0||
false||52||25||0||3||0||
true||0||0||24||0||0||
false||0||0||0||0||0||
true||3||0||0||1||0||
false||3||0||0||1||0||
true||72||36||19||0||0||
false||0||0||0||0||0||
true||3||0||0||0||0||
false||0||0||0||0||0||
true||4||0||0||0||0||
false||14||0||4||0||1||
true||76||36||0||0||0||
false||0||0||0||0||0||
true||4||0||0||1||0||
false||0||0||0||0||0||
true||3||0||0||1||0||
false||62||29||0||3||0||
true||3||0||0||1||0||
false||0||0||0||0||0||
true||49||22||0||3||0||
false||0||2||0||0||2||
true||60||28||0||4||0||
false||3||0||0||1||0||
true||4||0||0||1||0||
false||4||0||0||1||0||
true||3||0||0||1||0||
false||75||36||0||0||0||
true||2||0||0||1||0||
false||2||0||0||1||0||
true||4||0||0||1||0||
false||0||0||40||0||0||
true||75||36||0||5||0||
false||52||25||0||3||0||
true||2||0||0||1||0||
false||51||24||0||3||0||
true||3||0||0||1||0||
false||3||0||0||0||0||
true||42||19||0||2||0||
false||4||0||0||1||0||
true||75||36||0||4||0||
false||3||0||0||1||0||
true||3||0||0||1||0||
false||48||22||0||3||0||
true||74||36||0||0||0||
false||3||0||0||1||0||
true||3||0||0||1||0||
false||4||0||0||1||0||
true||3||0||0||1||0||
false||75||36||0||5||0||
true||3||0||0||1||0||
false||75||36||0||2||0||
true||3||0||0||0||0||
false||3||0||0||0||0||
true||3||0||0||1||0||
false||3||0||0||1||0||
true||4||0||0||1||0||
false||55||26||0||3||0||
true||4||0||0||0||0||
false||37||16||0||2||0||
true||2||0||0||1||0||
false||74||35||0||0||0||
true||3||0||0||1||0||
false||3||0||0||1||0||
true||57||24||15||0||0||
false||3||0||0||0||0||
true||90||4||16||0||0||
false||32||16||54||2||0||
true||4||0||0||1||0||
