false||0||3||0||0||2||
true||0||0||62||1||0||
false||5||2||0||0||2||
true||72||36||1||1||0||
false||3||0||0||1||0||
true||1||0||24||0||0||
false||69||33||0||0||0||
true||51||25||19||0||11||
false||4||0||0||0||4||
true||72||36||1||1||0||
false||3||0||0||1||0||
true||72||36||0||0||0||
false||3||0||0||1||0||
true||72||36||0||0||0||
false||72||36||0||0||0||
true||22||9||0||2||0||
false||75||36||0||4||0||
true||60||30||10||5||0||
false||3||0||0||0||0||
true||72||36||11||0||10||
false||49||23||0||0||0||
true||70||34||33||0||21||
false||5||0||0||1||0||
true||34||16||24||0||0||
false||2||0||0||1||0||
true||0||1||14||0||8||
false||3||0||0||0||0||
true||17||9||87||0||0||
false||2||0||0||0||0||
true||0||0||12||1||0||
false||0||0||15||6||0||
true||3||0||0||1||0||
false||0||0||23||1||0||
true||4||0||0||1||0||
false||0||0||0||0||0||
true||2||0||0||1||0||
false||74||36||0||11||0||
true||6||3||18||3||0||
false||0||0||0||0||0||
true||2||0||0||1||0||
false||5||0||0||1||0||
true||32||15||25||1||0||
false||0||0||0||0||0||
true||2||0||0||1||0||
false||0||0||0||0||0||
true||2||0||0||1||0||
false||72||0||0||0||0||
true||4||0||0||0||0||
false||0||0||0||0||0||
true||3||0||0||1||0||
false||0||0||36||0||0||
true||3||0||0||0||0||
false||0||0||0||0||0||
true||3||0||0||1||0||
false||75||36||0||0||0||
true||5||0||0||1||0||
false||0||0||0||0||0||
true||76||36||0||0||0||
false||2||0||0||0||0||
true||76||36||0||0||0||
false||2||0||0||0||0||
true||3||0||0||1||0||
false||67||32||0||4||0||
true||74||36||0||0||0||
false||50||23||0||3||0||
true||74||36||0||11||0||
false||3||0||0||1||0||
true||3||0||0||0||0||
false||2||0||0||0||0||
true||67||32||0||4||0||
false||41||19||0||0||0||
true||74||36||0||11||0||
false||3||0||0||1||0||
true||3||0||0||1||0||
false||0||0||188||1||0||
true||75||36||0||0||0||
false||75||36||0||10||0||
true||74||36||0||5||0||
false||75||36||0||11||0||
true||3||0||0||1||0||
false||3||0||0||0||0||
true||75||36||0||9||0||
false||66||31||0||10||1||
true||3||0||0||0||0||
false||75||36||0||4||0||
true||74||36||0||0||0||
false||3||0||0||0||0||
true||3||0||0||1||0||
false||75||36||0||10||0||
true||51||24||0||0||0||
false||3||0||0||0||0||
true||76||36||0||0||0||
false||3||0||0||1||0||
true||2||0||0||9||1||
false||2||0||0||1||0||
true||3||0||0||1||0||
false||74||36||0||0||0||
true||3||0||0||1||0||
false||65||31||0||9||1||
true||4||0||0||1||0||
false||3||0||0||1||0||
true||56||27||0||0||1||
false||5||0||0||1||0||
true||75||36||0||0||0||
false||3||0||0||0||0||
true||3||0||0||0||0||
false||76||36||0||12||0||
true||41||19||0||0||2||
false||75||36||0||0||0||
true||3||0||0||1||0||
false||5||0||0||1||0||
true||74||35||0||4||0||
false||3||0||0||1||0||
true||68||32||0||0||0||
false||3||0||0||1||0||
true||3||0||0||0||0||
false||54||25||0||8||0||
true||59||28||0||9||1||
false||76||36||0||4||0||
true||75||36||0||0||0||
false||75||36||0||5||0||
true||75||36||0||4||0||
false||75||36||0||9||0||
true||4||0||0||1||0||
false||74||36||0||9||0||
true||32||14||0||0||0||
false||76||36||0||5||0||
true||30||13||0||0||0||
false||76||36||0||0||0||
true||3||0||0||1||0||
false||42||20||0||0||1||
true||2||0||0||1||0||
false||3||0||0||1||0||
true||41||19||0||0||1||
false||75||36||0||9||0||
true||60||28||0||0||0||
false||61||29||0||3||0||
true||75||36||0||12||0||
false||3||0||0||1||0||
true||0||0||76||0||0||
false||3||0||0||1||0||
true||36||19||15||0||0||
false||41||20||14||0||0||
true||3||0||0||1||0||
