false||74||36||0||5||0||
true||11||5||43||2||0||
false||22||10||0||0||2||
true||32||16||10||0||0||
false||74||36||0||4||0||
true||31||15||16||3||4||
false||11||4||0||13||4||
true||13||6||29||0||15||
false||30||14||0||13||2||
true||8||4||26||0||8||
false||15||6||0||0||4||
true||56||28||15||4||0||
false||67||32||0||0||2||
true||29||14||46||0||42||
false||2||0||0||13||2||
true||52||26||7||0||2||
false||2||0||0||13||4||
true||39||19||10||0||0||
false||44||20||0||0||1||
true||33||16||27||0||0||
false||1||0||0||0||4||
true||24||11||28||0||2||
false||29||14||17||0||0||
true||4||2||0||0||5||
false||24||10||0||0||2||
true||55||27||3||0||0||
false||19||9||0||0||3||
true||26||13||50||0||1||
false||0||0||0||0||3||
true||9||4||65||0||47||
false||0||0||0||0||6||
true||28||14||26||0||3||
false||5||1||0||0||3||
true||35||17||17||0||7||
false||10||3||0||0||3||
true||26||13||9||0||0||
false||6||2||0||0||5||
true||26||13||46||0||0||
false||0||0||0||0||5||
true||30||15||39||0||1||
false||0||0||0||0||3||
true||72||36||0||0||0||
false||62||29||0||0||1||
true||25||12||5||0||0||
false||0||0||0||0||6||
true||58||29||25||4||0||
false||0||0||15||0||0||
true||0||0||0||0||3||
false||0||0||23||0||0||
true||0||0||0||0||6||
false||0||0||0||0||0||
true||0||0||0||0||4||
false||0||0||0||0||0||
true||72||36||0||0||3||
false||54||25||0||0||1||
true||72||36||12||11||0||
false||0||0||0||0||0||
true||0||0||0||0||5||
false||32||16||0||0||4||
true||72||36||0||0||0||
false||0||0||0||0||0||
true||0||0||0||0||4||
false||0||0||0||0||0||
true||0||0||0||0||6||
false||38||1||32||0||0||
true||2||0||0||0||0||
false||0||0||0||0||0||
true||0||0||0||0||6||
false||59||0||0||0||0||
true||0||0||0||0||4||
false||0||0||0||0||0||
true||0||0||0||0||3||
false||6||1||0||0||2||
true||0||0||0||0||6||
false||11||4||0||0||3||
true||13||5||0||0||1||
false||0||0||0||0||0||
true||19||8||0||0||2||
false||2||0||0||0||6||
true||3||0||0||0||2||
false||0||0||0||0||10||
true||0||0||0||0||6||
false||0||0||0||0||7||
true||0||0||0||0||8||
false||43||19||0||0||2||
true||18||8||0||0||3||
false||0||0||0||0||5||
true||19||7||0||0||3||
false||30||13||0||0||2||
true||1||0||0||0||7||
false||4||2||0||0||6||
true||4||2||0||0||8||
false||1||0||0||0||6||
true||75||36||0||0||0||
false||40||18||0||0||2||
true||11||4||0||0||1||
false||39||19||0||0||5||
true||0||0||0||0||6||
false||39||19||153||2||0||
true||46||22||0||0||3||
false||3||0||0||0||2||
true||58||27||0||0||1||
false||31||14||0||0||2||
true||0||0||0||0||5||
false||31||13||0||0||2||
true||19||8||0||0||2||
false||2||0||0||0||8||
true||12||6||0||0||4||
false||74||36||0||0||0||
true||20||10||0||0||6||
false||0||0||0||0||6||
true||0||0||0||0||4||
false||14||5||0||0||2||
true||2||0||0||0||6||
false||58||27||0||0||1||
true||37||17||0||0||3||
false||42||19||0||0||1||
true||1||0||0||0||4||
false||6||2||0||0||2||
true||6||2||0||0||4||
false||1||0||0||0||5||
true||0||0||0||0||8||
false||17||8||0||0||8||
true||0||0||0||0||6||
false||61||29||0||0||1||
true||0||0||0||0||4||
false||16||6||0||0||3||
true||0||0||0||0||6||
false||48||22||0||0||1||
true||27||12||0||0||3||
false||0||0||0||0||6||
true||0||0||0||0||6||
false||0||0||0||0||8||
true||0||0||0||0||6||
false||41||19||0||0||1||
true||2||0||0||0||2||
false||1||0||0||0||7||
true||0||0||0||0||6||
false||20||9||0||0||2||
true||21||9||0||0||2||
false||58||27||0||0||2||
true||0||0||0||0||6||
false||1||0||0||0||5||
true||39||17||0||0||2||
false||0||0||0||0||6||
true||0||0||0||0||6||
false||0||0||0||0||4||
true||0||0||0||0||6||
false||8||2||0||0||2||
true||37||16||0||0||3||
false||14||5||0||0||3||
true||56||26||0||0||1||
false||44||20||0||0||1||
true||52||24||0||0||3||
false||6||1||0||0||3||
true||0||0||0||0||8||
false||39||18||0||0||2||
true||61||29||0||0||2||
false||46||21||0||0||1||
true||2||1||0||0||6||
false||31||14||0||0||2||
true||1||0||0||0||7||
false||1||0||0||0||5||
true||0||0||0||0||8||
false||38||17||0||0||2||
true||0||0||0||0||4||
false||36||16||0||0||2||
true||0||0||0||0||6||
false||33||15||0||0||1||
true||4||0||0||0||3||
false||17||7||0||0||3||
true||12||5||0||0||5||
false||63||30||0||0||1||
true||0||0||0||0||4||
false||40||18||0||0||1||
true||1||0||0||0||5||
false||20||8||0||0||2||
true||3||0||0||0||4||
false||0||0||0||0||6||
true||0||0||20||0||0||
false||6||3||0||0||4||
true||58||0||25||0||0||
false||63||31||8||0||0||
true||0||0||0||0||6||
