false||2||0||0||0||2||
true||16||7||7||0||0||
false||1||0||0||0||2||
true||33||16||9||0||0||
false||3||0||0||0||1||
true||41||20||16||0||0||
false||0||0||0||0||3||
true||18||8||39||0||0||
false||0||0||0||0||3||
true||23||11||31||0||0||
false||0||0||0||0||3||
true||35||17||11||0||0||
false||1||0||0||0||2||
true||17||8||30||0||0||
false||1||0||0||0||2||
true||1||0||6||0||0||
false||0||0||0||0||5||
true||26||12||6||0||0||
false||1||0||0||0||2||
true||22||10||12||0||0||
false||0||0||0||0||3||
true||6||2||63||0||0||
false||2||0||0||0||1||
true||7||3||59||0||0||
false||2||0||0||0||2||
true||30||14||26||0||0||
false||2||0||0||0||2||
true||25||12||43||0||0||
false||33||16||20||0||0||
true||1||0||0||0||3||
false||16||6||0||0||0||
true||11||5||11||0||0||
false||16||7||15||0||0||
true||1||0||0||0||3||
false||0||0||0||0||4||
true||4||1||35||0||0||
false||1||0||0||0||2||
true||25||12||53||0||0||
false||0||0||0||0||3||
true||37||18||8||0||0||
false||0||0||0||0||3||
true||37||18||41||0||0||
false||0||0||0||0||4||
true||42||20||30||0||6||
false||0||0||0||0||3||
true||35||17||13||0||0||
false||0||0||0||0||4||
true||14||6||13||0||0||
false||0||0||0||0||4||
true||34||16||13||0||0||
false||0||0||0||0||4||
true||29||14||10||0||0||
false||0||0||0||0||4||
true||0||0||0||0||0||
false||0||0||0||0||4||
true||36||17||12||0||0||
false||0||0||0||0||3||
true||24||11||8||0||0||
false||0||0||0||0||4||
true||1||0||8||0||0||
false||0||0||2||0||0||
true||0||0||0||0||4||
false||0||0||15||0||0||
true||0||0||0||0||3||
false||1||0||7||0||0||
true||0||0||0||0||3||
false||0||0||0||0||0||
true||0||0||0||0||4||
false||0||0||0||0||4||
true||0||0||12||0||0||
false||0||0||0||0||0||
true||0||0||0||0||3||
false||0||0||0||0||4||
true||0||0||9||0||0||
false||0||0||0||0||0||
true||0||0||0||0||4||
false||0||0||0||0||0||
true||0||0||0||0||3||
false||0||0||5||0||0||
true||0||0||0||0||4||
false||0||0||0||0||0||
true||0||0||0||0||4||
false||0||1||8||0||0||
true||0||0||0||0||3||
false||0||0||0||0||0||
true||0||0||0||0||3||
false||0||0||0||0||3||
true||9||4||48||0||0||
false||0||0||0||0||3||
true||11||5||14||0||0||
false||0||0||0||0||3||
true||0||0||0||0||4||
false||0||0||0||0||4||
true||0||0||0||0||4||
false||0||0||0||0||4||
true||0||0||0||0||3||
false||0||0||0||0||0||
true||0||0||0||0||3||
false||0||0||0||0||4||
true||0||0||0||0||3||
false||0||0||0||0||3||
true||0||0||0||0||4||
false||0||0||0||0||3||
true||0||0||0||0||4||
false||0||0||0||0||4||
true||0||0||0||0||3||
false||0||0||0||0||5||
true||0||0||0||0||4||
false||0||0||0||0||4||
true||0||0||0||0||3||
false||0||0||0||0||3||
true||0||0||0||0||4||
false||0||0||0||0||4||
true||0||0||0||0||3||
false||0||0||0||0||3||
true||0||0||0||0||3||
false||0||0||0||0||3||
true||0||0||0||0||3||
false||0||0||0||0||4||
true||0||0||0||0||4||
false||5||2||44||0||0||
true||0||0||0||0||4||
false||0||0||0||0||4||
true||0||0||0||0||4||
false||0||0||0||0||3||
true||0||0||0||0||3||
false||0||0||0||0||3||
true||0||0||0||0||3||
false||0||0||0||0||4||
true||0||0||0||0||3||
false||0||0||0||0||4||
true||0||0||0||0||3||
false||0||0||0||0||4||
true||0||0||0||0||4||
false||0||0||0||0||4||
true||0||0||0||0||5||
false||0||0||0||0||3||
true||0||0||0||0||4||
false||0||0||0||0||3||
true||0||0||0||0||4||
false||0||0||0||0||3||
true||0||0||0||0||3||
false||0||0||0||0||4||
true||0||0||0||0||3||
false||0||0||0||0||4||
true||0||0||0||0||3||
false||0||0||0||0||3||
true||0||0||0||0||3||
false||0||0||0||0||3||
true||0||0||0||0||3||
false||0||0||0||0||4||
true||0||0||0||0||4||
false||0||0||0||0||4||
true||0||0||0||0||3||
false||0||0||0||0||4||
true||0||0||0||0||4||
false||0||0||0||0||4||
true||0||0||0||0||3||
false||0||0||0||0||3||
true||0||0||0||0||4||
false||0||0||0||0||4||
true||0||0||0||0||3||
false||0||0||0||0||4||
true||0||0||0||0||4||
false||0||0||0||0||3||
true||0||0||0||0||4||
false||1||0||0||0||3||
true||0||0||0||0||4||
false||0||0||0||0||4||
true||0||0||0||0||3||
false||0||0||0||0||4||
true||0||0||0||0||3||
false||0||0||0||0||4||
true||0||0||0||0||3||
false||0||0||0||0||4||
true||0||0||0||0||4||
false||0||0||0||0||3||
true||0||0||0||0||4||
false||0||0||0||0||3||
true||0||0||0||0||4||
false||0||0||0||0||3||
true||0||0||0||0||3||
false||0||0||0||0||3||
true||0||0||0||0||3||
false||0||0||0||0||4||
true||0||0||0||0||3||
false||0||0||0||0||3||
true||0||0||0||0||3||
false||0||0||0||0||3||
true||0||0||0||0||3||
false||0||0||0||0||4||
true||0||0||0||0||3||
false||0||0||0||0||4||
true||0||0||0||0||4||
false||0||0||0||0||3||
true||0||0||0||0||4||
false||0||0||0||0||4||
true||0||0||0||0||4||
false||0||0||0||0||4||
true||0||0||0||0||3||
false||0||0||0||0||4||
true||0||0||47||0||0||
false||0||0||0||0||4||
true||0||0||27||0||0||
false||0||0||11||0||0||
true||0||0||0||0||4||
