false||4||0||0||0||0||
true||1||0||11||0||0||
false||0||0||0||0||4||
true||72||36||0||0||0||
false||4||0||0||1||1||
true||23||12||59||0||0||
false||3||0||0||0||1||
true||44||22||39||1||22||
false||3||0||0||1||0||
true||53||21||19||0||0||
false||2||0||0||0||0||
true||72||7||5||0||0||
false||2||0||0||1||0||
true||54||0||5||0||0||
false||3||0||0||0||0||
true||0||0||3||0||0||
false||0||0||0||0||0||
true||2||0||0||1||0||
false||0||0||0||0||0||
true||3||0||0||1||0||
false||3||0||0||0||0||
true||0||0||29||0||0||
false||0||0||0||0||0||
true||3||0||0||1||0||
false||3||0||0||1||0||
true||14||7||40||0||0||
false||0||0||0||0||0||
true||4||0||0||1||0||
false||0||0||0||0||0||
true||3||0||0||1||0||
false||35||14||21||0||0||
true||76||36||0||4||0||
false||0||0||0||0||0||
true||2||0||0||0||0||
false||3||0||0||1||0||
true||3||0||0||1||0||
false||0||0||0||0||0||
true||3||0||0||1||0||
false||50||24||0||0||1||
true||4||0||0||0||0||
false||3||0||0||1||0||
true||3||0||0||1||0||
false||3||0||0||1||0||
true||4||0||0||1||0||
false||74||35||0||4||0||
true||3||0||0||1||0||
false||4||0||0||1||0||
true||2||0||0||0||0||
false||0||0||2||0||0||
true||3||0||0||1||0||
false||4||0||0||1||0||
true||2||0||0||1||0||
false||3||0||0||1||0||
true||3||0||0||1||0||
false||3||0||0||1||0||
true||3||0||0||1||0||
false||3||0||0||0||0||
true||3||0||0||1||0||
false||3||0||0||0||0||
true||3||0||0||1||0||
false||3||0||0||0||0||
true||3||0||0||0||0||
false||3||0||0||1||0||
true||2||0||0||1||0||
false||3||0||0||0||0||
true||3||0||0||1||0||
false||3||0||0||1||0||
true||3||0||0||0||0||
false||4||0||0||1||0||
true||3||0||0||1||0||
false||4||0||0||1||0||
true||4||0||0||1||0||
false||3||0||0||1||0||
true||70||12||2||0||0||
false||3||0||0||1||0||
true||0||0||16||0||0||
