false||31||15||0||0||2||
true||72||36||0||0||0||
false||2||0||0||1||0||
true||40||20||7||0||0||
false||11||5||0||0||0||
true||72||36||2||2||0||
false||4||0||0||1||0||
true||72||36||5||0||0||
false||4||0||0||1||0||
true||72||36||0||0||0||
false||2||0||0||1||0||
true||72||36||0||0||0||
false||72||36||0||0||0||
true||75||36||0||4||0||
false||75||36||0||4||0||
true||72||36||0||0||0||
false||2||0||0||1||0||
true||72||36||0||0||0||
false||3||0||0||1||0||
true||61||16||5||0||0||
false||3||0||0||1||0||
true||56||25||21||0||6||
false||3||1||0||0||1||
true||0||0||55||1||0||
false||0||0||31||8||0||
true||4||0||0||1||0||
false||0||0||0||0||0||
true||3||0||0||0||0||
false||0||0||0||0||0||
true||3||0||0||1||0||
false||75||36||0||5||0||
true||0||0||15||0||0||
false||0||0||0||0||0||
true||3||0||0||1||0||
false||3||0||0||1||0||
true||72||36||3||3||0||
false||0||0||0||0||0||
true||3||0||0||1||0||
false||0||0||0||0||0||
true||3||0||0||1||0||
false||72||0||0||0||0||
true||4||0||0||0||0||
false||0||0||45||0||0||
true||3||0||0||1||0||
false||0||0||0||0||0||
true||3||0||0||1||0||
false||74||35||0||12||0||
true||3||0||0||1||0||
false||0||0||0||0||0||
true||75||36||0||13||0||
false||59||28||0||0||0||
true||75||36||0||12||0||
false||3||0||0||0||0||
true||3||0||0||0||0||
false||74||36||0||4||0||
true||75||36||0||12||0||
false||3||0||0||1||0||
true||2||0||0||1||0||
false||3||0||0||1||0||
true||75||36||0||4||0||
false||64||32||0||0||0||
true||76||36||0||4||0||
false||3||0||0||0||0||
true||4||0||0||1||0||
false||0||0||98||1||0||
true||53||25||0||11||1||
false||68||32||0||4||0||
true||76||36||0||4||0||
false||76||36||0||4||0||
true||3||0||0||1||0||
false||3||0||0||0||0||
true||75||36||0||4||0||
false||47||22||0||3||0||
true||58||27||0||0||0||
false||74||36||0||4||0||
true||76||36||0||12||0||
false||4||0||0||1||0||
true||2||0||0||1||0||
false||76||36||0||4||0||
true||75||36||0||0||0||
false||3||0||0||1||0||
true||74||36||0||0||0||
false||3||0||0||1||0||
true||3||0||0||1||0||
false||3||0||0||1||0||
true||3||0||0||1||0||
false||76||36||0||12||0||
true||3||0||0||1||0||
false||28||12||0||1||0||
true||3||0||0||1||0||
false||3||0||0||1||0||
true||47||22||0||0||1||
false||2||0||0||1||0||
true||69||33||0||0||0||
false||75||36||0||4||0||
true||11||4||0||0||1||
false||60||29||0||0||1||
true||3||0||0||1||0||
false||2||0||0||1||0||
true||76||36||0||5||0||
false||3||0||0||1||0||
true||54||25||0||0||0||
false||76||36||0||5||0||
true||75||36||0||11||0||
false||64||31||0||3||0||
true||70||34||0||4||0||
false||75||36||0||4||0||
true||3||0||0||1||0||
false||76||36||0||4||0||
true||74||36||0||0||0||
false||75||36||0||8||0||
true||75||36||0||0||0||
false||48||23||0||12||1||
true||3||0||0||0||0||
false||60||28||0||0||0||
true||3||0||0||1||0||
false||3||0||0||1||0||
true||75||36||0||0||0||
false||76||36||0||4||0||
true||75||36||0||0||0||
false||3||0||0||0||0||
true||0||0||36||0||0||
false||3||0||0||1||0||
true||48||21||15||0||0||
false||72||36||9||9||0||
true||4||0||0||1||0||
