false||24||14||0||2||1||
true||0||0||29||1||0||
false||0||0||0||0||3||
true||34||16||21||0||0||
false||28||12||0||2||0||
true||0||0||45||5||0||
false||42||19||0||3||0||
true||11||5||49||1||33||
false||2||0||0||0||1||
true||72||36||4||1||0||
false||0||0||0||1||3||
true||34||16||28||2||8||
false||4||0||0||0||3||
true||39||19||12||2||0||
false||3||0||0||9||1||
true||72||36||2||1||0||
false||15||6||0||2||0||
true||72||36||0||0||0||
false||37||18||8||1||0||
true||26||12||0||0||2||
false||65||31||0||5||0||
true||1||0||10||0||1||
false||42||19||0||0||3||
true||0||0||88||0||47||
false||15||5||0||1||3||
true||64||32||4||1||0||
false||3||0||0||13||3||
true||2||0||73||0||50||
false||3||0||0||0||3||
true||72||36||1||1||0||
false||34||15||0||0||2||
true||0||0||68||0||40||
false||1||0||0||10||3||
true||0||0||53||0||40||
false||2||0||0||11||3||
true||0||0||96||0||52||
false||2||0||0||12||2||
true||19||9||31||0||10||
false||16||7||0||12||1||
true||29||14||78||0||0||
false||3||0||0||0||3||
true||0||0||32||1||0||
false||0||0||27||0||0||
true||2||0||0||13||2||
false||0||0||42||15||0||
true||2||0||0||12||2||
false||0||0||0||0||0||
true||2||0||0||13||1||
false||0||0||0||0||0||
true||3||0||0||17||2||
false||73||35||0||0||0||
true||72||36||14||8||0||
false||0||0||0||0||0||
true||2||0||0||14||1||
false||2||0||0||14||1||
true||17||8||39||0||0||
false||0||0||0||0||0||
true||7||2||0||13||1||
false||0||0||0||0||0||
true||2||0||0||14||1||
false||71||0||0||0||0||
true||2||0||0||0||0||
false||0||0||0||0||0||
true||2||0||0||13||2||
false||0||0||35||0||0||
true||1||0||0||13||2||
false||0||0||0||0||0||
true||1||0||0||12||1||
false||75||36||0||0||0||
true||3||0||0||12||1||
false||64||30||0||0||0||
true||14||6||0||8||1||
false||0||0||0||0||0||
true||71||34||0||0||0||
false||3||0||0||0||0||
true||59||28||0||0||0||
false||2||0||0||13||1||
true||2||0||0||13||1||
false||34||15||0||9||0||
true||47||21||0||0||0||
false||1||0||0||13||1||
true||22||10||0||0||1||
false||46||21||0||10||0||
true||57||27||0||0||0||
false||1||0||0||14||1||
true||3||0||0||12||1||
false||18||7||0||15||1||
true||39||18||0||10||1||
false||18||8||0||0||1||
true||48||22||0||0||0||
false||3||0||0||15||1||
true||2||0||0||13||2||
false||0||0||187||1||0||
true||32||15||0||0||0||
false||72||35||0||0||0||
true||65||30||0||13||0||
false||86||42||0||0||0||
true||7||2||0||12||1||
false||2||0||0||0||0||
true||63||30||0||0||0||
false||31||14||0||0||0||
true||51||23||0||0||0||
false||43||19||0||9||0||
true||35||16||0||0||0||
false||3||0||0||13||1||
true||2||0||0||12||2||
false||57||27||0||0||0||
true||2||0||0||0||0||
false||31||14||0||11||1||
true||15||5||0||11||0||
false||3||0||0||10||0||
true||12||5||0||0||1||
false||24||10||0||8||0||
true||35||16||0||0||0||
false||2||0||0||14||1||
true||2||0||0||14||1||
false||8||3||0||0||0||
true||65||31||0||9||0||
false||54||25||0||0||0||
true||1||0||0||13||1||
false||2||0||0||9||0||
true||43||20||0||0||0||
false||9||3||0||12||1||
true||34||16||0||0||1||
false||0||0||0||0||4||
true||3||0||0||13||2||
false||2||0||0||10||0||
true||41||19||0||0||0||
false||2||0||0||12||1||
true||2||0||0||0||1||
false||49||23||0||0||0||
true||61||29||0||0||0||
false||59||28||0||0||0||
true||1||0||0||13||1||
false||10||4||0||12||1||
true||68||32||0||10||0||
false||1||0||0||13||1||
true||2||0||0||0||2||
false||2||0||0||12||2||
true||1||0||0||0||1||
false||75||35||0||4||1||
true||51||24||0||0||0||
false||56||26||0||0||0||
true||47||22||0||0||0||
false||74||35||0||9||0||
true||14||5||0||0||0||
false||35||16||0||11||0||
true||17||7||0||12||0||
false||44||20||0||0||0||
true||14||6||0||13||2||
false||56||26||0||0||0||
true||17||7||0||0||0||
false||44||20||0||0||0||
true||1||0||0||0||2||
false||74||35||0||0||0||
true||1||0||0||13||1||
false||76||35||0||10||0||
true||56||26||0||0||0||
false||48||22||0||0||0||
true||1||0||0||12||1||
false||18||7||0||12||0||
true||1||0||0||0||2||
false||64||30||0||0||0||
true||39||18||0||0||0||
false||76||36||0||9||0||
true||70||33||0||0||0||
false||3||0||0||12||0||
true||0||0||18||0||0||
false||9||3||0||14||1||
true||4||1||40||0||0||
false||1||0||12||0||2||
true||1||0||0||12||1||
