false||1||1||0||1||1||
true||53||26||16||12||0||
false||3||0||0||1||1||
true||72||36||0||0||0||
false||3||0||0||1||0||
true||70||35||2||0||0||
false||4||0||0||1||0||
true||54||14||11||5||0||
false||3||0||0||1||0||
true||72||3||0||0||0||
false||3||0||0||1||0||
true||0||0||104||0||0||
false||3||0||0||0||0||
true||0||0||0||0||0||
false||0||0||0||0||0||
true||2||0||0||1||0||
false||0||0||0||0||0||
true||3||0||0||1||0||
false||4||0||0||1||0||
true||0||0||24||0||1||
false||0||0||0||0||0||
true||3||0||0||1||0||
false||4||0||0||0||0||
true||0||0||12||0||0||
false||0||0||0||0||0||
true||2||0||0||1||0||
false||0||0||0||0||0||
true||3||0||0||1||0||
false||5||0||52||0||0||
true||75||36||0||4||0||
false||0||0||0||0||0||
true||3||0||0||1||0||
false||3||0||0||1||0||
true||3||0||0||0||0||
false||0||0||0||0||0||
true||3||0||0||1||0||
false||4||0||0||0||0||
true||2||0||0||1||0||
false||3||0||0||1||0||
true||3||0||0||0||0||
false||75||36||0||4||0||
true||3||0||0||0||0||
false||3||0||0||1||0||
true||3||0||0||1||0||
false||0||0||18||4||0||
true||2||0||0||1||0||
false||3||0||0||0||0||
true||4||0||0||1||0||
false||2||0||0||1||0||
true||3||0||0||0||0||
false||2||0||0||0||0||
true||3||0||0||1||0||
false||3||0||0||0||0||
true||3||0||0||1||0||
false||3||0||0||1||0||
true||3||0||0||1||0||
false||3||0||0||0||0||
true||4||0||0||0||0||
false||3||0||0||1||0||
true||3||0||0||1||0||
false||2||0||0||1||0||
true||3||0||0||1||0||
false||3||0||0||1||0||
true||3||0||0||1||0||
false||3||0||0||1||0||
true||55||27||6||0||0||
false||3||0||0||1||0||
true||23||1||24||0||0||
