false||46||22||0||3||0||
true||27||13||50||11||12||
false||1||0||0||0||2||
true||47||23||33||2||2||
false||76||36||0||4||0||
true||72||36||8||0||0||
false||59||28||0||0||1||
true||34||17||34||0||14||
false||27||13||0||0||4||
true||72||36||0||0||0||
false||35||16||0||0||3||
true||50||24||12||0||0||
false||42||19||0||0||1||
true||72||36||1||0||0||
false||57||28||0||0||1||
true||72||36||0||0||0||
false||13||6||0||0||3||
true||72||36||6||0||2||
false||4||2||0||0||5||
true||72||36||6||0||2||
false||23||11||0||0||2||
true||72||36||1||0||0||
false||72||36||4||0||1||
true||74||36||0||0||0||
false||25||11||0||0||2||
true||68||34||6||0||4||
false||72||36||12||0||6||
true||8||3||0||0||4||
false||27||13||0||0||2||
true||72||36||0||0||0||
false||16||8||0||0||3||
true||72||36||0||0||0||
false||30||15||0||0||2||
true||72||36||2||0||0||
false||47||23||0||0||1||
true||72||36||0||0||0||
false||2||0||0||0||2||
true||59||29||15||0||11||
false||75||36||0||0||0||
true||72||36||0||0||0||
false||14||6||0||0||4||
true||72||36||0||0||0||
false||30||14||0||0||2||
true||72||36||0||0||0||
false||8||4||0||0||4||
true||72||36||0||0||0||
false||17||8||0||0||3||
true||72||36||0||0||0||
false||18||9||0||0||3||
true||41||20||24||0||1||
false||0||0||25||0||0||
true||0||0||0||0||3||
false||30||15||14||0||0||
true||7||3||0||0||4||
false||0||0||0||0||0||
true||0||0||0||0||2||
false||0||0||0||0||0||
true||35||16||0||0||3||
false||64||30||0||0||0||
true||72||36||6||0||0||
false||0||0||0||0||0||
true||29||14||0||0||4||
false||2||1||0||0||5||
true||72||36||9||7||0||
false||0||0||0||0||0||
true||0||0||0||0||4||
false||0||0||0||0||0||
true||26||13||0||0||5||
false||47||23||25||0||0||
true||4||0||0||0||0||
false||0||0||0||0||0||
true||0||0||0||0||4||
false||72||0||0||0||0||
true||9||4||0||0||3||
false||0||0||0||0||0||
true||19||9||0||0||7||
false||74||36||0||0||0||
true||0||0||0||0||2||
false||66||31||0||0||1||
true||7||3||0||0||6||
false||74||36||0||0||0||
true||10||5||0||0||6||
false||0||0||0||0||0||
true||43||20||0||0||1||
false||0||0||0||0||6||
true||17||8||0||0||5||
false||47||23||0||0||1||
true||44||22||0||0||4||
false||10||5||0||0||4||
true||0||0||0||0||5||
false||19||8||0||0||4||
true||30||14||0||0||4||
false||11||5||0||0||4||
true||67||32||0||0||0||
false||45||21||0||0||1||
true||21||10||0||0||6||
false||72||36||0||0||3||
true||3||1||0||0||5||
false||50||24||0||0||3||
true||43||20||0||0||1||
false||31||14||0||0||2||
true||6||2||0||0||2||
false||27||13||0||0||3||
true||52||26||0||0||7||
false||13||6||0||0||6||
true||17||8||0||0||5||
false||72||36||19||5||0||
true||62||30||0||0||0||
false||66||31||0||0||1||
true||64||30||0||0||0||
false||59||27||0||0||0||
true||4||1||0||0||4||
false||14||6||0||0||5||
true||14||6||0||0||3||
false||0||0||0||0||3||
true||73||36||0||0||2||
false||74||36||0||0||4||
true||73||36||0||0||4||
false||29||14||0||0||5||
true||1||0||0||0||4||
false||44||21||0||0||0||
true||23||11||0||0||5||
false||47||21||0||0||1||
true||47||22||0||0||3||
false||31||15||0||0||4||
true||17||8||0||0||4||
false||18||9||0||0||5||
true||8||4||0||0||5||
false||0||0||0||0||6||
true||8||4||0||0||4||
false||0||0||0||0||3||
true||20||10||0||0||4||
false||20||10||0||0||4||
true||30||15||0||0||4||
false||75||36||0||0||0||
true||11||5||0||0||5||
false||0||0||0||0||6||
true||21||10||0||0||3||
false||9||4||0||0||5||
true||9||4||0||0||6||
false||2||0||0||0||5||
true||0||0||0||0||8||
false||28||13||0||0||3||
true||0||0||0||0||5||
false||0||0||0||0||4||
true||36||17||0||0||4||
false||8||2||0||0||3||
true||76||36||0||0||0||
false||32||14||0||0||2||
true||0||0||0||0||6||
false||3||0||0||0||3||
true||46||21||0||0||2||
false||15||7||0||0||8||
true||25||12||0||0||3||
false||0||0||0||0||6||
true||16||8||0||0||4||
false||1||0||0||0||7||
true||21||10||0||0||6||
false||70||33||0||0||0||
true||45||21||0||0||3||
false||36||16||0||0||1||
true||3||1||0||0||5||
false||75||36||0||0||0||
true||1||0||0||0||3||
false||75||36||0||0||0||
true||73||34||0||0||0||
false||50||23||0||0||1||
true||16||8||0||0||4||
false||8||3||0||0||6||
true||20||10||0||0||6||
false||21||10||0||0||3||
true||0||0||0||0||4||
false||37||17||0||0||4||
true||15||7||0||0||6||
false||42||19||0||0||1||
true||7||3||0||0||5||
false||1||0||0||0||6||
true||25||12||0||0||4||
false||75||36||0||0||0||
true||21||10||0||0||6||
false||22||10||0||0||3||
true||26||13||0||0||6||
false||19||9||0||0||5||
true||9||4||0||0||4||
false||30||13||0||0||2||
true||6||2||0||0||4||
false||2||1||0||0||8||
true||0||0||4||0||0||
false||11||5||0||0||5||
true||72||0||10||0||0||
false||72||36||0||0||0||
true||20||10||0||0||6||
