false||3||0||0||1||0||
true||28||14||0||0||0||
false||4||0||0||0||1||
true||72||36||3||2||0||
false||2||0||0||1||0||
true||24||12||27||0||0||
false||3||0||0||1||0||
true||58||23||5||0||0||
false||4||0||0||1||0||
true||44||23||37||0||0||
false||4||0||0||1||0||
true||47||23||5||0||0||
false||3||0||0||1||0||
true||47||15||7||0||0||
false||8||2||0||0||0||
true||0||0||3||3||0||
false||0||0||0||0||0||
true||3||0||0||1||0||
false||0||0||0||0||0||
true||3||0||0||0||0||
false||3||0||0||1||0||
true||0||0||88||0||0||
false||0||0||0||0||0||
true||3||0||0||1||0||
false||5||0||0||1||0||
true||26||13||8||0||0||
false||0||0||0||0||0||
true||3||0||0||1||0||
false||0||0||0||0||0||
true||3||0||0||1||0||
false||0||0||17||0||0||
true||74||36||0||10||0||
false||0||0||0||0||0||
true||3||0||0||1||0||
false||0||0||0||0||0||
true||3||0||0||1||0||
false||3||0||0||1||0||
true||3||0||0||1||0||
false||0||0||0||0||0||
true||3||0||0||1||0||
false||71||33||0||0||0||
true||3||0||0||1||0||
false||3||0||0||1||0||
true||2||0||0||1||0||
false||2||0||0||1||0||
true||2||0||0||1||0||
false||75||36||0||13||0||
true||4||0||0||1||0||
false||3||0||0||1||0||
true||3||0||0||1||0||
false||0||0||74||0||0||
true||35||16||0||2||0||
false||4||0||0||1||0||
true||4||0||0||1||0||
false||3||0||0||1||0||
true||3||0||0||1||0||
false||63||30||0||3||0||
true||4||0||0||1||0||
false||2||0||0||0||0||
true||31||14||0||2||0||
false||4||0||0||1||0||
true||3||0||0||0||0||
false||3||0||0||1||0||
true||55||27||0||9||4||
false||2||0||0||1||0||
true||3||0||0||1||0||
false||4||0||0||1||0||
true||3||0||0||1||0||
false||34||15||0||2||0||
true||3||0||0||1||0||
false||14||6||0||0||0||
true||3||0||0||1||0||
false||4||0||0||0||0||
true||3||0||0||1||0||
false||3||0||0||1||0||
true||3||0||0||1||0||
false||3||0||0||1||0||
true||4||0||0||1||0||
false||3||0||0||1||0||
true||4||0||0||1||0||
false||75||36||0||0||0||
true||3||0||0||1||0||
false||2||0||0||1||0||
true||6||1||23||0||0||
false||4||0||0||1||0||
true||105||1||9||1||0||
false||0||0||48||0||0||
true||3||0||0||1||0||
