false||13||6||0||0||3||
true||72||36||1||0||0||
false||3||0||0||1||0||
true||72||36||0||0||0||
false||3||0||0||0||0||
true||59||29||5||2||0||
false||3||0||0||1||0||
true||72||36||1||0||0||
false||3||0||0||1||0||
true||72||36||6||0||0||
false||3||0||0||1||0||
true||72||36||2||0||0||
false||48||24||28||0||22||
true||76||36||0||4||0||
false||75||36||0||5||0||
true||44||23||11||0||0||
false||2||0||0||1||0||
true||19||10||70||0||0||
false||3||0||0||1||0||
true||37||14||11||0||0||
false||2||0||0||1||0||
true||47||23||13||1||5||
false||2||0||0||0||0||
true||0||0||36||0||0||
false||0||0||48||1||0||
true||3||0||0||1||0||
false||0||0||0||0||0||
true||3||0||0||1||0||
false||0||0||0||0||0||
true||4||0||0||1||0||
false||45||21||0||3||0||
true||0||0||57||0||0||
false||0||0||0||0||0||
true||3||0||0||0||0||
false||2||0||0||1||0||
true||72||36||13||0||0||
false||0||0||0||0||0||
true||3||0||0||1||0||
false||0||0||0||0||0||
true||3||0||0||1||0||
false||72||0||1||0||0||
true||14||6||0||0||0||
false||0||0||16||0||0||
true||3||0||0||1||0||
false||0||0||0||0||0||
true||3||0||0||1||0||
false||75||36||0||5||0||
true||3||0||0||1||0||
false||0||0||0||0||0||
true||38||17||0||2||0||
false||66||31||0||0||1||
true||75||36||0||4||0||
false||3||0||0||1||0||
true||3||0||0||1||0||
false||3||0||0||1||0||
true||57||27||0||4||0||
false||65||31||0||0||0||
true||47||21||0||3||0||
false||3||0||0||1||0||
true||3||0||0||1||0||
false||0||0||23||0||0||
true||76||36||0||4||0||
false||76||36||0||4||0||
true||13||5||0||1||0||
false||44||20||0||3||0||
true||3||0||0||1||0||
false||3||0||0||0||0||
true||75||36||0||5||0||
false||54||25||0||4||0||
true||75||36||0||4||0||
false||3||0||0||1||0||
true||3||0||0||1||0||
false||74||36||0||4||0||
true||36||17||0||0||1||
false||3||0||0||1||0||
true||3||0||0||1||0||
false||2||0||0||1||0||
true||4||0||0||1||0||
false||74||36||0||4||0||
true||3||0||0||1||0||
false||75||36||0||0||0||
true||3||0||0||1||0||
false||42||20||0||3||0||
true||75||36||0||0||0||
false||31||15||0||13||4||
true||2||0||0||1||0||
false||3||0||0||1||0||
true||38||18||0||2||0||
false||3||0||0||1||0||
true||3||0||0||1||0||
false||59||28||0||4||0||
true||3||0||0||1||0||
false||75||36||0||4||0||
true||42||20||0||9||1||
false||74||36||0||4||0||
true||75||36||0||10||0||
false||74||36||0||5||0||
true||4||0||0||1||0||
false||75||36||0||9||0||
true||2||0||0||0||0||
false||4||0||0||1||0||
true||1||2||16||0||0||
false||3||0||0||1||0||
true||48||0||20||0||0||
false||72||36||9||9||0||
true||4||0||0||1||0||
